admPos xSecPos clinDetInc
0.849703959923936 0.00241559207043611 0.408373595411191
0.0330585280312225 0.485998294671066 0.279417308955919
0.157834588512778 0.643625074634096 0.997414479167899
0.348048091246746 0.642366087700939 0.29795591841219
0.450931221604813 0.535430826690048 0.90100370359933
0.727361206536181 0.457825362525182 0.643387385660084
0.998339983965037 0.978175109613454 0.346382068849402
0.524344834699994 0.508399836404249 0.340359976480482
0.595063288285164 0.01778383189952 0.486256475501228
0.678142626379617 0.728522193907993 0.244254500424489
0.841280248220777 0.777426574714715 0.845826033965219
0.173067820852622 0.65821981063229 0.0450179817837197
0.0398163049116265 0.87727261345461 0.518643970959354
0.698300357403932 0.775222806765698 0.695405657767318
0.791427103273571 0.376761319668731 0.855049730538158
0.115173692845274 0.857450456499122 0.569557915482437
0.9373355359165 0.124954538662918 0.478880865567597
0.423239678395912 0.541376234066207 0.742293397560483
0.0516769095521886 0.60657750668982 0.132992336389143
0.322756608951604 0.367716287149815 0.828912522990257
0.559928437434835 0.386735914464807 0.200743286142824
0.751575256716227 0.509909020080231 0.106966216658941
0.0480632355313282 0.667648634838173 0.392426254938124
0.371510826624231 0.141861207687063 0.23945997283631
0.112620706080226 0.255464535744861 0.52967650137865
0.186320131684188 0.679942158417543 0.455977524448652
0.0616492230931763 0.198897885730257 0.303751948738471
0.19723074736516 0.233867077244679 0.980654611857375
0.821565513002919 0.682837972980924 0.52866492815339
0.893341357862111 0.245934464839753 0.345076749789063
0.205383037405554 0.957448898705654 0.995550182772102
0.506483119404642 0.349190962054301 0.193248355814489
0.397566476567416 0.580318462910363 0.157315985660534
0.54864136610576 0.32479827655782 0.788530008827103
0.861147530498914 0.847568388677435 0.395948971260106
0.620762816442642 0.732793578238692 0.474965926278383
0.755921751755523 0.328002265785122 0.692791880960343
0.99650723447022 0.854792222451884 0.449766420884756
0.638552061451133 0.996720378184458 0.389981309616938
0.970513410412008 0.458507860894548 0.383542433242081
0.36546204971429 0.570620045865653 0.72430173840397
0.745979526496958 0.496845662003616 0.490430794078391
0.224002924421802 0.533953542423435 0.628462024887325
0.624385980128776 0.323925805755192 0.342838218682911
0.3533616755947 0.688343908742536 0.151418907908257
0.0623246040733065 0.360427238064585 0.287536052831681
0.182205640181666 0.863227241136832 0.566669454008807
0.858641837695846 0.928420691982843 0.618295766121009
0.61348922274285 0.296578958753031 0.3642752555958
0.0220852406560443 0.118956064403523 0.677311263717944
0.253180841066642 0.656256934249308 0.766344203035813
0.513975882160477 0.264943106420338 0.0252480187909678
0.59162186647323 0.909721100903582 0.314864480202319
0.17726222636411 0.550712976718089 0.177161919696257
0.142703268668382 0.678497761275619 0.562440925522707
0.470713895304361 0.0889414017889649 0.424743002905278
0.514542838808382 0.761592949809041 0.922262149917893
0.263341569675598 0.856065834209789 0.330297312392853
0.0195028878233861 0.734341319313971 0.19492709170538
0.444463078274624 0.942045884310734 0.585409528252669
0.301285770141985 0.591432456628419 0.769197979250457
0.265037216846831 0.469988703775452 0.834106176587986
0.702283647022443 0.220998485661345 0.241238387051271
0.555282810925972 0.759457249867031 0.560855681118788
0.222740609739441 0.305718705737032 0.979516976755811
0.275771114674862 0.0355160680264235 0.447433152819984
0.0471773350590374 0.788974960758118 0.476857246564236
0.884106857657665 0.545139088637894 0.101966007844545
0.468350473518483 0.655009733060841 0.103213823278435
0.215948034909088 0.384812087813392 0.897688647361007
0.720034856637009 0.263597591847647 0.591698372630868
0.73037122738827 0.704300627747085 0.787173716445686
0.635600611571222 0.236103263337165 0.889963490547845
0.00250087818223983 0.517617210684577 0.646852751646889
0.601148684844607 0.74592630632245 0.521148680899991
0.140783460323932 0.612572966388892 0.969135286817094
0.947495352649596 0.7261026335801 0.513539151952835
0.968361269389745 0.289430652863113 0.875138850560645
0.512898792688269 0.95695382936392 0.8940965914072
0.958148423093138 0.502698096819921 0.711155267014867
0.677273544108495 0.356140380828874 0.41933001096826
0.964558449103497 0.210233445191523 0.260227254160214
0.740474281507777 0.647031865985366 0.563008760567522
0.676056091597537 0.0267569410563447 0.678858021622291
0.420048951844452 0.588120814484311 0.155641042800387
0.016651268493617 0.990375730237691 0.413029774654657
0.659652952534612 0.764600328465458 0.134599100138061
0.667719446050236 0.284429589862935 0.728361693864688
0.130838764313608 0.325541278769495 0.370088321102317
0.54916357980296 0.906963457724545 0.580707068963675
0.445297463480849 0.814068642359227 0.333058372810483
0.936668998462846 0.740818988022162 0.612931673770305
0.713490424059331 0.552038977924502 0.526418323422782
0.240797512227669 0.723070992505178 0.975990339932963
0.802602763075149 0.773876578211552 0.199178099786164
0.00786356919188984 0.918526698208647 0.0534434665965382
0.188412359414622 0.207323663169984 0.967814791414421
0.876515231668251 0.304201376000652 0.514253101659007
0.851028557500802 0.781115686350036 0.641526403856231
0.247228454285534 0.820847218777519 0.111408675693208
0.703637420988409 0.880920076271053 0.416222484991653
0.763341727843741 0.208930669836234 0.0493568033240736
0.62626275207568 0.976441080862423 0.450332063867711
0.413573700199602 0.107018235541647 0.802439264751039
0.154901948322542 0.802872539526317 0.536722377730301
0.00409890386858024 0.981099581984337 0.590603576722788
0.500025481240591 0.374009425253142 0.0412024924061261
0.277961701089283 0.214856758627575 0.606890721731819
0.59451138510881 0.14730508582457 0.7862240848972
0.121604237055639 0.803071303754579 0.508754909824347
0.962882410051534 0.015705471996218 0.665249447740614
0.805625739776529 0.530848367599538 0.0321573414925952
0.926946816711919 0.218483762700576 0.175371437868103
0.207741740513127 0.435268956682412 0.0222786536219064
0.952336429520044 0.471705550384009 0.853599612786202
0.843898305822397 0.938016877967166 0.985819256277289
0.935393353753956 0.196541780770523 0.837746372565161
0.323277757653734 0.273760988537455 0.267313573090825
0.739202925102785 0.668554062143667 0.353725012226496
0.538957098027924 0.225182281127432 0.93020140585117
0.258268773784162 0.681743136589415 0.822357431488112
0.913929184613749 0.492453371654265 0.619292489224114
0.961004930041265 0.209773202826735 0.208498032962671
0.577668105166638 0.0529475375043694 0.249329396945192
0.777741441037506 0.476024207472336 0.222748536352767
0.731542779521551 0.666483505761018 0.732815983712906
0.531324057488935 0.164911296461243 0.376360230690101
0.0998236567901913 0.093513258443214 0.201339205853874
0.229317471600836 0.16277788112592 0.302380045050755
0.045324004534632 0.700605566819664 0.0738218763656914
0.469609972091857 0.455926100408193 0.0750806179952342
0.712187906447798 0.137833363427082 0.839893149544718
0.642698889011052 0.154014590299921 0.903908884444507
0.680444225671236 0.0405333750941791 0.95301953337132
0.774053926174529 0.34114763540565 0.547669971034862
0.364593027919531 0.737742069248343 0.248631417504512
0.675233874641359 0.0119779814938083 0.952697970134439
0.196652391368523 0.483500866439892 0.896743198501412
0.9799541016242 0.169961774851196 0.44006149960449
0.477199754191563 0.424230943123111 0.411503651738167
0.330466652173316 0.190234879453434 0.0873813965169247
0.144451688429108 0.182051588779315 0.422553250201978
0.87412457359652 0.178480803606566 0.174330665879184
0.709240125216776 0.346340641360031 0.430207155861659
0.394679111783626 0.465407431083964 0.965920754847815
0.628303414310096 0.984479898786172 0.0665926453941502
0.695042563602561 0.715319941745838 0.0846977382039186
0.938940863938536 0.238734453430399 0.554192859453615
0.587965919898124 0.824890099641867 0.34119166074344
0.49061391278496 0.808939934766851 0.100201777801849
0.508270114404848 0.817988887303974 0.831728838751093
0.63939966682205 0.418795853494667 0.460529884235933
0.873479919083649 0.628268437319202 0.535935569979018
0.956374732946511 0.586721119658323 0.0556068169237115
0.700923398602754 0.0651030016508885 0.477537760787643
0.167967854212271 0.282915377500467 0.96194540918991
0.855307540734997 0.538064058118733 0.468306173724355
0.288185948258964 0.420433363482822 0.0990865330002271
0.449914113545325 0.774842856322881 0.495407584397122
0.232362275430001 0.916009697025642 0.102399200903485
0.0322908234824426 0.953921073201578 0.744503286942374
0.496748176360969 0.122704237191472 0.172954134316882
0.502333417690592 0.731740330323344 0.00372927498631179
0.290770658377092 0.482804775323253 0.978811605698895
0.99793438481749 0.531618629034376 0.72657034742739
0.766325815036893 0.94855160048604 0.0177171207019128
0.0630044859135523 0.388934467399493 0.456507983410731
0.383334301444935 0.0277736570041161 0.530092363932403
0.750803359032376 0.494061619982356 0.162840818564175
0.0272810733185615 0.391569981173845 0.826983606052352
0.901184082311112 0.954831347492058 0.196028881802689
0.840213700105902 0.561028161458904 0.945891436216887
0.114555313968798 0.0567795313389506 0.974886873083655
0.278845478505362 0.707037356613437 0.963928419968346
0.557094493187498 0.702696355284192 0.37489015353797
0.930408519966993 0.453485199942021 0.511256837441353
0.398001447960502 0.393001515559619 0.990469947319478
0.262093873615842 0.0621234121974558 0.755324674580712
0.891090522609185 0.427086124172201 0.762284825933632
0.945988678951049 0.250223019588273 0.751714932763251
0.30611474827351 0.123389641279355 0.127505510174902
0.391577848859597 0.343509173193946 0.242551252288977
0.975350462868577 0.241370053248014 0.97629411737388
0.202971975694643 0.826800120409578 0.0133424555952661
0.619692788931075 0.506880201762076 0.209742326234467
0.317424844945781 0.516135467266198 0.605299774890998
0.161174652181566 0.184845611640019 0.537913745908765
0.541690579520306 0.0584322457835078 0.694532969234977
0.566331439835252 0.982905910715926 0.932029829237843
0.0688403377814684 0.189316524187801 0.438640410329914
0.783264277558541 0.0927865512266289 0.366680550640216
0.775956352238776 0.335607632048195 0.21665457370528
0.419695512383012 0.145801593897399 0.794392145279329
0.951938351629768 0.721875443666242 0.552569567895262
0.959768838356482 0.319044631079538 0.210999585963087
0.910713551403489 0.769805037794635 0.0261121733777691
0.415842954050284 0.915487388113746 0.434061901539797
0.813340965332696 0.18896241111448 0.652166866199579
0.384254788287682 0.638288759715622 0.373586231721565
0.150359253189992 0.0832372154633049 0.754168724263553
0.515449903561734 0.239431516900193 0.229998185452539
0.629487608542433 0.940365489843301 0.114794502420118
0.984899279091507 0.106632943204837 0.32983799783932
0.318869933981216 0.450695487007964 0.19147561124526
0.985335627587047 0.829195271224016 0.923785947098397
0.829871577044949 0.543779478222132 0.776551501727197
0.82483465674147 0.0139765894794837 0.656212067360058
0.0527314927298576 0.571307627308415 0.00874667360121384
0.134489573736908 0.395770674367668 0.803453509005485
0.533616710208589 0.669934332236182 0.717990692024119
0.0595982357836328 0.362689840378938 0.866308813653886
0.815591036018915 0.014224776632851 0.159102401040029
0.0866861845720559 0.479164876522031 0.211474569704849
0.662628222705564 0.409762399749365 0.0816364258653484
0.0537854746766388 0.548727132588159 0.653966163336066
0.00591131811658852 0.163284073102521 0.856588257279014
0.0312323112550657 0.104698254252318 0.483514809511136
0.715800855092471 0.291416604268597 0.507938453919254
0.923101858632639 0.539317858955124 0.571756466802442
0.101082848198479 0.385980751878815 0.382709315162152
0.983302675491432 0.497589414507383 0.56421704915096
0.0288716311960015 0.578029494347051 0.765448261131067
0.21849185570213 0.710642310625175 0.740178459103219
0.350782015027478 0.623204579584766 0.895233325317502
0.0692309273732826 0.275595645673806 0.205474362149835
0.717053907057969 0.659785639946815 0.700753265276551
0.091887559824856 0.701164798703045 0.588013633938739
0.604963060455164 0.994850322056795 0.608472919202875
0.889985640431522 0.368869321122998 0.736321064956021
0.498232090337202 0.572933053350775 0.527838702440029
0.660465339215472 0.937943912495161 0.480677803079365
0.800409834896214 0.725820070737274 0.881674657358788
0.303800377002917 0.306550979356049 0.000868122978368774
0.560092772997217 0.34559061221499 0.0865964304960798
0.582612224808196 0.481842249062145 0.611970028327079
0.616800517789554 0.359878996699117 0.538719673219835
0.632184007479111 0.0239082399932668 0.63287882504263
0.922741853463929 0.895288857443724 0.893589201858733
0.707082960309926 0.889198207093868 0.0975163394897245
0.847071002028883 0.112725227634422 0.752066158973379
0.056194102341542 0.00500804269034415 0.655132446629694
0.699739959093276 0.525146298506763 0.280312295015669
0.16820887899748 0.344124079979956 0.225564344110433
0.455898119895719 0.440336847948609 0.152436876283027
0.0873813950722106 0.402901444047224 0.119876352592371
0.0246473734136671 0.958170544531429 0.0447262925191317
0.0741670939177275 0.674255340941716 0.39320452567772
0.535658802148653 0.964984159275889 0.470208836441627
0.526532896368764 0.575073759641033 0.05192295591929
0.865679529630346 0.018914066349389 0.795889253167436
0.484838225463638 0.300488135740161 0.730862664045068
0.261961197825847 0.205948373800144 0.49759093194711
0.0308632515277714 0.576350902127568 0.304832449768437
0.897606364336796 0.0774882703921758 0.394801651123911
0.747457066565752 0.963363356940448 0.143483790709637
0.406741960699204 0.581382517571561 0.699213466738351
0.102448417111533 0.566361371120904 0.801429330165032
0.219185047414154 0.804404847471742 0.626117891043657
0.756084312961902 0.922997157134348 0.783717143185437
0.972487045769347 0.0419639349207282 0.703770684792195
0.565772210952826 0.171725959809963 0.935951688718982
0.0412722830295097 0.615543020027922 0.623441911019385
0.74218425051379 0.0660536256537307 0.0306059085873421
0.209612073922297 0.886441609859001 0.758727325180778
0.50783210672671 0.149425588863203 0.778177680422552
0.728593749370193 0.403923977728002 0.984325434750412
0.723744552962948 0.901700356233167 0.63432579338504
0.367387962410459 0.153919601555681 0.400500207730569
0.145095208888873 0.589666501341155 0.484595263247611
0.612339072019793 0.378935566852568 0.371307989810128
0.429622244044673 0.131694804144325 0.0629155757443514
0.276951110625174 0.652374408897944 0.68813887548726
0.999842896859627 0.792614900884684 0.372972953395918
0.878720986422151 0.456716604999499 0.265587275554892
0.708931505061453 0.311905718476977 0.587375599520979
0.827606909490423 0.22606819383637 0.764098618846387
0.797460841435473 0.627221491843695 0.517699097751407
0.252667408317095 0.932540674952557 0.816201500998344
0.284820191502338 0.314284961773781 0.226882526142988
0.466065340469126 0.487861414174549 0.702008323268034
0.585963581515709 0.256221717242151 0.669515424972167
0.405840463525848 0.629141417614417 0.621256700162776
0.356896715121809 0.583521179877222 0.915883378328988
0.23335036405432 0.295451509647304 0.0802932358474936
0.618705818443559 0.0331005713066552 0.403396012040786
0.76572864878783 0.815018286825391 0.840360452915542
0.831737435143674 0.807574147595326 0.691799365035258
0.842736927589867 0.654701162629761 0.749464918982005
0.0260079923444428 0.312307353567099 0.515831049879314
0.845871737289242 0.936759149925085 0.2827374456611
0.478003258231096 0.3095771662849 0.920932565834606
0.456164520209655 0.849471385783749 0.520591815138236
0.796246118953219 0.632925337127643 0.671902668555267
0.875886795285391 0.158895355911227 0.54607970715547
0.942130894867936 0.277859323962126 0.503511304125888
0.584803625493776 0.743134659921052 0.405460360118654
0.124862266446929 0.869515548284864 0.642206960308133
0.139280063047539 0.874030095499475 0.56138896121108
0.528090582259931 0.223889811697183 0.545442670591874
0.316537719462067 0.294767955398653 0.46977367759496
0.779968954310985 0.242821479595266 0.987965083230985
0.0732418550055008 0.414853680989472 0.635847911136923
0.746640301612439 0.64196557989018 0.884797054894734
0.907705012975493 0.504575693861116 0.145252774721943
0.0848157476598863 0.617707153055584 0.167922157132067
0.684354855266633 0.244924286082154 0.887965890651103
0.404695289078169 0.503501991101075 0.90095390423364
0.453272513570962 0.665792970743496 0.307763352743816
0.556112964019412 0.553646970564267 0.510802101890789
0.870555803704308 0.540813031508354 0.256539427189389
0.732074005800532 0.637333494884893 0.135285960191395
0.152468586912844 0.234832167791901 0.757708568668226
0.859285701575456 0.823696211214643 0.882467839221936
0.743608727121493 0.280606342449319 0.777787727360846
0.516196212462615 0.635289879527176 0.269197197811911
0.663234056150541 0.864245246593142 0.666720468935324
0.554041387748206 0.821759796549333 0.648796601545764
0.368488563971827 0.620032211684389 0.300373623996973
0.380775022781221 0.904867182256887 0.939784718843643
0.0975452281215694 0.590823275438044 0.960855735308491
0.982587408605265 0.818627977959113 0.494398491286673
0.291624411333818 0.0301049214652739 0.22707054380374
0.319451075876365 0.713581140053226 0.789128871512366
0.782108658547746 0.276002877702937 0.189407215029933
0.89039187233639 0.252099702318432 0.362987677788362
0.312835309608607 0.381895588082494 0.706673650861252
0.757473747074138 0.613784143056953 0.215512003723066
0.0818101768351626 0.929093403668143 0.0153630049764179
0.534436316167703 0.832231761015253 0.598248589760624
0.503671862572897 0.793304620878538 0.43138831857522
0.785168838646961 0.69049957851111 0.332457325051306
0.656027965588029 0.968560413446976 0.465431295014219
0.608536251221318 0.20347950776387 0.0569625095152296
0.0709886696445756 0.454364417717792 0.0370637637148611
0.611380625176243 0.0127784442354459 0.86383023150079
0.0890677995255683 0.6310126110774 0.35256744549633
0.155565430700313 0.748567583239405 0.516217980622081
0.315604994622758 0.827147101709154 0.743440805365797
0.271071843323065 0.521355412978912 0.701577226934955
0.658477381797042 0.12839557007188 0.296894142902456
0.256923481037375 0.355298599321395 0.458791248517111
0.729841250456171 0.401779946358874 0.927094616707414
0.605145113238133 0.400774163528811 0.5334437082191
0.738419002226321 0.959813587957295 0.185919303465867
0.459370448890142 0.081898337691091 0.136674995515496
0.868241122415988 0.973840567484964 0.0945151754955295
0.0796124310216401 0.974785343972966 0.847817688291194
0.28044924981799 0.180934432923561 0.351196088004857
0.100198019900359 0.893018468096852 0.171000477808528
0.35253049290739 0.422352110930719 0.505689158394234
0.430899317839649 0.921306452539517 0.804023936253972
0.333906237314222 0.237951589862118 0.813594868993852
0.44643668070063 0.0809621967722196 0.950698133002501
0.542288811236853 0.822190390102332 0.237906393942889
0.135800260450458 0.442164465625538 0.973105137655046
0.0946376797647681 0.216155168852536 0.321209494557232
0.425303726812825 0.405419919225853 0.421549516911153
0.540723355847877 0.057944694748614 0.659677596495021
0.409088427978801 0.705794050207129 0.60937088690605
0.0834692208343185 0.193073839516146 0.807170402613701
0.428661370119546 0.464081527120434 0.89991570223053
0.710463687076 0.101835840770276 0.735122946096817
0.117579548232723 0.875403087181505 0.811091444836697
0.521736079954775 0.997719332796987 0.85409899055399
0.643717733583413 0.989119236829923 0.809888097550254
0.43140938553703 0.231639039745321 0.644037641043542
0.248417832618812 0.12901384744118 0.0272345742024481
0.133622194627067 0.686933762678877 0.768462049555732
0.137473503984278 0.0950723352555651 0.090888528383337
0.957215457928833 0.200170558352489 0.509960774556035
0.462739462714642 0.0428206282323226 0.704809109000023
0.362020187137183 0.0513313907447737 0.504955317210406
0.185379939317005 0.0637185482974164 0.649440548831364
0.0787311993357726 0.694127301726025 0.092400421008002
0.344856402033241 0.0167078977238853 0.110320225341711
0.764832151198993 0.135696318826638 0.63136496771127
0.90240876218467 0.925637223626021 0.218567599244183
0.249508412265684 0.142515228276607 0.601135305423988
0.773855700673303 0.9334449898249 0.0747262354290578
0.592190719975159 0.266174977764022 0.407849438556936
0.0924796863845549 0.132846570477588 0.475810580458259
0.0650837917798199 0.766456643754384 0.173371671928558
0.359881334181642 0.0737802539670374 0.999430809359765
0.670934749078471 0.867395730822114 0.996251166864298
0.62127246910939 0.181287167640636 0.219970555168577
0.369615175266285 0.755623877762584 0.359928906962508
0.138135759904049 0.718436805924634 0.309893296794733
0.787411430230364 0.542651932726381 0.16140203616675
0.467902807169594 0.332694097050698 0.607580580316251
0.212282638399163 0.970183116598055 0.670080086592585
0.665437047388405 0.0696556518883444 0.622240650534863
0.722059397847625 0.102531647720141 0.737459477488184
0.125636075313669 0.931129675047006 0.220124341418501
0.0726244412690867 0.413389317203546 0.551600338402903
0.819032591565745 0.917808641223935 0.599652095381869
0.421225561836734 0.87279256560537 0.820950910854852
0.38110549868294 0.794542497957358 0.567837724633748
0.860396573198261 0.022684390376322 0.367700241343118
0.328772756692953 0.837091556106927 0.957650837370893
0.7059449570016 0.927713968275348 0.0149686990703922
0.558442882117117 0.416714950167574 0.80055506011541
0.226945643312298 0.961539605640573 0.550002229081234
0.120199458737159 0.13627072345512 0.235761790351011
0.417714243799215 0.547295012570219 0.938944622628624
0.329642697478645 0.477945846112212 0.182209106682567
0.987000169675099 0.526902148920577 0.540334088067059
0.273785420006141 0.358338830120396 0.0796753661085386
0.0366248395768926 0.148033858149778 0.398679950547637
0.386707649335032 0.687602326981258 0.493426626614528
0.974918938555755 0.858621557635022 0.149328063972527
0.244563406178262 0.41539267093013 0.723669174713083
0.0101431809966452 0.930424633480841 0.306100107034668
0.77096812279569 0.463265142546967 0.674985224337317
0.00648666109703481 0.177413620393723 0.705431548055261
0.761766851343447 0.597912901912117 0.0394084424257744
0.92866620745114 0.676738404791569 0.261917622861918
0.905709608445875 0.519787759365281 0.213840054395609
0.607320119138341 0.977902431133902 0.409830019869842
0.361681278316537 0.462900331109762 0.581082852308871
0.345594438523287 0.749639038520632 0.461693134245463
0.146338313140208 0.287648052440258 0.437767860114807
0.461526252009207 0.556711336173117 0.331884476388339
0.99384149064729 0.987213646155316 0.294488372604363
0.27095718623721 0.565931135471677 0.0836878390421625
0.647291473814286 0.848968731323956 0.488209328444675
0.40348163136933 0.828009978967719 0.0166703360471874
0.343759808272356 0.500419760684716 0.87772492187121
0.518623507709242 0.025115457639331 0.947510298386216
0.883160445470363 0.115619092319859 0.883773075597361
0.0259575685292948 0.473600440018112 0.759293902251404
0.393138226763578 0.327897530193906 0.154631571889156
0.447645167813869 0.879822504217736 0.443002534006722
0.0189611656845082 0.224214702647412 0.357613066951977
0.49452520749392 0.941248731450876 0.288928597606486
0.485843573230319 0.259612152118003 0.0988845176503528
0.216337700617034 0.0491054190418217 0.358736505349167
0.719106618689373 0.663482544058235 0.355026662056102
0.772248974659015 0.00624768034159206 0.139874347068369
0.509833025738364 0.364441174582578 0.707165131595219
0.0130602648633067 0.736031616045395 0.451931051276159
0.803089875703678 0.221291081565199 0.35616203466244
0.995125130580273 0.398838877427857 0.959634632677306
0.0853966047172435 0.495569256623508 0.259959905752912
0.475075004559243 0.661245776284952 0.91321617196314
0.20461699533253 0.484790485652164 0.640880497156642
0.000367618625285104 0.722169482043479 0.0523687402198557
0.299561812024098 0.59641016250127 0.190368597961497
0.491622334486106 0.634567474480253 0.578843980306061
0.754131832144922 0.585055061755236 0.295998276304919
0.963087750465143 0.60820136724133 0.262498504528077
0.682206584070344 0.466464622196276 0.442553414674709
0.474972279494395 0.298730851286324 0.836113686689176
0.636159018062288 0.752600213928381 0.130840169180417
0.327841407044558 0.260043389317812 0.921608647303656
0.360534558437532 0.567430274944054 0.231779037161265
0.622650655537611 0.624834112731041 0.867174312649295
0.79859412490041 0.579217725681374 0.46231614220934
0.664362816373818 0.187208418528782 0.715355053914478
0.825533001130912 0.161619329960551 0.815381072583841
0.671628526660846 0.988123722795397 0.257515430997126
0.418422584682005 0.720155686750077 0.905623700317694
0.767023043815512 0.246422198629007 0.579194862072356
0.34130580056808 0.640755956657464 0.630680717117619
0.978780300207436 0.831924167535501 0.615914659270085
0.630507891384186 0.518991531700594 0.301183808013564
0.492309638982639 0.067143590557389 0.24616389636253
0.326892032981617 0.285899608321255 0.126085562925087
0.551786353252362 0.87677990255598 0.970637982504675
0.52750535520399 0.776748393021757 0.32790362992906
0.432586168108275 0.42399629800464 0.638538298033643
0.238101870350307 0.5582107285487 0.457437770839548
0.178920953856083 0.750878062649863 0.131247866220772
0.994880983829498 0.739491108646383 0.60447641142481
0.567151093059219 0.267511526094051 0.427654329779325
0.153465455460362 0.257707027013414 0.479665271098958
0.792767389701447 0.754615371958585 0.188586482565617
0.918556164345704 0.37015681767161 0.298061089836759
0.128978808338288 0.340409747766331 0.937936228008475
0.45836277603684 0.0963019986785948 0.87661293653748
0.655979231036967 0.302665732307592 0.852019308780786
0.23786399242701 0.603736705972115 0.228554158669431
0.837616377189755 0.651630207836395 0.982615190195618
0.690594838401303 0.446262440280523 0.712474734497722
0.259512228484731 0.201853087668773 0.709706819135928
0.401642442051321 0.232233517276589 0.673050419864478
0.929336571382359 0.768180736131501 0.557923721074825
0.786133770759683 0.174054903331446 0.32400970242708
0.0173162691423204 0.354244435873348 0.20201132594212
0.213570730307605 0.675861466308823 0.780862566898344
0.931269335781457 0.523512518696254 0.3612521983115
0.832292178443167 0.248397206978174 0.263502115116455
0.917440916095162 0.490215483827284 0.912196427476825
0.687365448235767 0.105177861021599 0.0246376474071294
0.881607602431206 0.288550325184362 0.15012835160573
0.471802360448055 0.812659596626647 0.0891763520508539
0.553013526135124 0.125328702129191 0.661472964265849
0.223109902975615 0.719600409074686 0.683947051516036
0.807104216867359 0.648181100170361 0.756471328302985
0.799389429208822 0.943207105145557 0.0760404305816628
0.887489835514221 0.706212664081482 0.123228174824733
0.29421906685154 0.126793580006575 0.252867152649444
0.148360245752148 0.698868477792013 0.0334015757660382
0.809248935907148 0.520640709743137 0.835562001771294
0.410400387268746 0.0503294070130214 0.428489474633476
0.758401252188487 0.975741076718085 0.914853783592815
0.704612287850352 0.380812265866902 0.983442464616383
0.334979119750205 0.38256999039161 0.84495684470376
0.332401686110534 0.0531796303750016 0.637884447945049
0.480648623705143 0.955598753124708 0.90612159448443
0.669318323779618 0.468745455967728 0.165153441529255
0.852167000818066 0.489755124493502 0.38010975419404
0.351169998635305 0.348800770346308 0.87191467576148
0.575067704497837 0.0361650754825678 0.250323404153343
0.615485125006875 0.451248563399306 0.397859003731515
0.119742009717273 0.75134194457042 0.577672975634458
0.129380803552223 0.605046667098766 0.315383000712609
0.285544375282712 0.6998392612834 0.6008532909879
0.637971228198614 0.229083716300083 0.79275525769894
0.211409272535937 0.758824152508052 0.534162123787682
0.00870103747793473 0.616029061591253 0.0918460818408057
0.243064050435787 0.111838979003951 0.880653310350375
0.279868229546119 0.756270804713015 0.312017389561515
0.292199429488741 0.212442190507194 0.446652268978534
0.9861670804522 0.85329083912354 0.773033306068275
0.602090125204064 0.100112427862128 0.962180735813454
0.909730750360759 0.43258179541002 0.888057598131942
0.848878445464419 0.505832784471801 0.708314105524914
0.839916783435736 0.363479310550494 0.153690222586039
0.488097422723426 0.448599730880698 0.556115630035754
0.776960121100768 0.685368373900419 0.326852102278266
0.0588521545333788 0.709819071994396 0.268156132437289
0.681908499719575 0.491259403809905 0.24070580745046
0.693097451239824 0.945751927172765 0.137098969187355
0.497036330465926 0.562332127081463 0.399065300521674
0.966879427077947 0.568862775816582 0.82906535250484
0.190367308006855 0.52487913754303 0.645838443632005
0.183161550207064 0.338483953183982 0.459181835544761
0.0889661354767159 0.870305651962757 0.910966499340022
0.546106188817881 0.150046902029077 0.203981948120054
0.347210030607414 0.913606849713251 0.0409292147988453
0.392340226086555 0.470222104445798 0.584950401777169
0.674285518928198 0.279320740227122 0.22390389876347
0.940275445315754 0.0432968088346533 0.0853583261903841
0.358620860707946 0.46169667629851 0.00280590518028475
0.426488283909857 0.767662484539207 0.595887393331155
0.246278773704544 0.801725487891352 0.779632353119087
0.108247810810572 0.352679369499208 0.597983079111669
0.483488353960915 0.0681175827756524 0.369613406095421
0.850477035958553 0.894477691276697 0.0285541938142851
0.37550693268911 0.644382099233568 0.0587740529463626
0.254260909077246 0.165622517111246 0.144906896417029
0.239350011911709 0.738611554104602 0.806421938469866
0.836865290171234 0.899318479506997 0.183638652697671
0.189610706279287 0.592259646463674 0.207716204694239
0.748580195203191 0.810241529288003 0.0420235213642009
0.260406287207035 0.353733534529572 0.195349213332869
0.0346449731548782 0.789935745390598 0.994360511383973
0.94411465718667 0.449791836880846 0.7338355463997
0.790003385517048 0.965031747820554 0.0704821151248179
0.673247639697045 0.1205077942512 0.277404211972374
0.0380602508708835 0.139637389424257 0.120021846447838
0.718313300101552 0.947432717882795 0.851630467330106
0.0437333744640928 0.130270360939903 0.603833860779647
0.814035142584238 0.206012374205515 0.716519311936572
0.416480703478446 0.351772212584503 0.586858693649527
0.251070753008593 0.771906190117821 0.594582832520362
0.396410025540739 0.383851508010179 0.11503476287052
0.181734403202543 0.219341074599419 0.544217188521288
0.988800894122804 0.297773351816926 0.0821042255891953
0.812527209362946 0.186755888175452 0.429917649216019
0.172492911015637 0.56057864011568 0.169606370300287
0.433270725344075 0.417443802733673 0.817980802471517
0.106192688901443 0.307345592679223 0.071076693353476
0.414176196391927 0.805104031219147 0.0359333339761943
0.980636453598738 0.134795359248994 0.627159621547442
0.969457257960225 0.0371185277283657 0.272155348641565
0.0549293325310573 0.425742169331294 0.467677772006951
0.231592261294834 0.283207523657708 0.471777146448847
0.0937305229036137 0.318974930262193 0.785173546160338
0.505688990164315 0.365743686671369 0.499236739917891
0.180920842420077 0.375731312469346 0.406578621467343
0.346107115884544 0.339864997920347 0.433308298633434
0.666900534249609 0.884621861822205 0.271036904606968
0.921188599428162 0.569438114097808 0.0577878257965203
0.916568929160014 0.610156441301806 0.747660201023798
0.888512998600723 0.871548822795041 0.232525049048709
0.194724099125946 0.825278007788351 0.322388421173906
0.335940034629777 0.310481987071224 0.993357994562713
0.716902579896618 0.0978942061273847 0.233548428317765
0.0966682097062003 0.493324846993201 0.872301212488208
0.374405407527229 0.618944519155426 0.916132147572935
0.56882572880527 0.90785683097993 0.00196042481833138
0.389349613768747 0.170626678313361 0.668500077584991
0.255044437794713 0.622800698264502 0.810330443110084
0.236396877313731 0.0911067879379261 0.496478512865724
0.879276911376976 0.249680147349369 0.693377762426389
0.989638680548407 0.532687622482656 0.698641076030675
0.10932258207025 0.924818516597385 0.907057637416292
0.293983857887331 0.584507778955856 0.463544920451008
0.486081427184166 0.714665413726354 0.890990376891103
0.43943000692036 0.88276877649012 0.833943669166416
0.325290991571732 0.611218023755588 0.343632317818468
0.287956075362628 0.910271711174399 0.879084290344268
0.817346175899729 0.696311435439158 0.401825872707181
0.295048047129996 0.919753962764284 0.59676428362052
0.472685214895522 0.227713533452479 0.760431265472434
0.191072558918735 0.51024458090798 0.814772988914745
0.564957839517389 0.14367534306203 0.729069780205842
0.408603091779165 0.892937421483686 0.583891754291486
0.71474320113007 0.0041565983844921 0.771601167126093
0.308551791491453 0.34701638732641 0.124331850265153
0.912691170734586 0.25865734532848 0.214299740740564
0.919927793982672 0.51412086656224 0.293871673484799
0.701194131320808 0.179175325169694 0.116442124834983
0.122079396066489 0.333616154096555 0.654166741592111
0.82382884815475 0.480925010813167 0.453890956653981
0.780166432183934 0.784927617706824 0.625003660289803
0.53788290939806 0.228269271835918 0.0952306881826371
0.0775230294282082 0.0218742338444572 0.6205077956717
0.571777346770745 0.528371677265037 0.555813421634026
0.195862963362364 0.914795897765085 0.278016361090587
0.228239835326793 0.316793877129909 0.489142333694268
0.126434481923934 0.46088931477908 0.417231715619564
0.781217600791948 0.574415644970257 0.808145262835315
0.495492917318828 0.905474943229929 0.720624322411837
0.457814896113472 0.293552612703992 0.0787520276792347
0.971704078144627 0.796262105210917 0.951410134400707
0.149812474268489 0.00719355195364915 0.741401014378993
0.510876655464526 0.475823191545904 0.658456388028106
0.402758324295748 0.317866519602248 0.491438107348513
0.941353467175039 0.819603865657002 0.0605343164803926
0.645380156406434 0.920006425805623 0.181209893928608
0.0122140672467649 0.604218757269904 0.217180489993189
0.960071282699471 0.76018931799545 0.904094708227785
0.651875391599722 0.587601975431899 0.0670075335898437
0.641173679838888 0.429158830706496 0.077221759515116
0.749369924911531 0.619305509113241 0.793012551268563
0.661264630793361 0.939878581112018 0.710978883179836
0.826254132638453 0.544940878867172 0.349690295183565
0.955859556965064 0.175961181262741 0.104936574117048
0.653732170187402 0.746371582100866 0.589077487019589
0.250252879118314 0.798181540501304 0.354442185102263
0.877689197332831 0.537939992752625 0.849802684152499
0.057909761504503 0.900176535169827 0.15877534192102
0.0953648248980753 0.498467436410952 0.184474968652008
0.547024729529861 0.290601999717532 0.841987863485003
0.741001706934068 0.443485317973653 0.335773485851474
0.789190284359734 0.83480671472149 0.286775074508274
0.563053910960909 0.791304359826259 0.125850001269486
0.759670634552836 0.109316650571302 0.525268667458324
0.583475213838741 0.971430812532082 0.830554933885112
0.97359241390368 0.865136693391716 0.657533185017528
0.324322714461246 0.598987466965802 0.245255546603585
0.267260835530702 0.269592920272611 0.251945631944574
0.340754596272018 0.434456517832819 0.339712640204234
0.965627741936129 0.770609190545278 0.065840978995664
0.305836293142987 0.763485400939127 0.238456022675848
0.0140127634620294 0.399425750100985 0.0880419607791118
0.5709824900846 0.0241500726896338 0.336853471013485
0.435011700942647 0.800913145640166 0.0093200497245416
0.166688618181739 0.274365682841046 0.559615952078719
0.0604142487833742 0.168036028984468 0.772976972569712
0.73317055729148 0.63357393486565 0.727510054508224
0.976276985503035 0.84561967255082 0.543868202065583
0.820532311104471 0.50797129286197 0.719120965506416
0.269753173031146 0.757703723815037 0.316693711786065
0.925041159741581 0.313646177558228 0.138424502353882
0.268755476748105 0.835473118793219 0.384741816810332
0.856648038276238 0.551808163498761 0.842864430547692
0.744122207408538 0.511325689162361 0.385528306012275
0.199875083131948 0.684854357764125 0.885691518332111
0.283940817591501 0.444058708677301 0.89160445256182
0.679695349923102 0.192363768395968 0.686397117387503
0.235860570657533 0.840839963583974 0.861640372323804
0.795940592837054 0.389063007392222 0.24746469788067
0.377732996791834 0.204206041173311 0.113555035658646
0.991703172744019 0.897116040206281 0.396356956288218
0.0555034097223543 0.5941410743983 0.798765907410299
0.649222572714789 0.625354806405725 0.0313920823025983
0.871474936525803 0.472962596355705 0.273463880480733
0.0662301509829704 0.765700219667982 0.375908135154517
0.482686678898986 0.515274631247623 0.418706352262991
0.834944101457018 0.110800812332425 0.981016945736017
0.313706564156106 0.881231318503385 0.290463875952642
0.43779916680255 0.392454405657249 0.662284344308311
0.73564000984584 0.983878959533991 0.274059184012469
0.411316099653253 0.868170774388593 0.432388901842991
0.187260720131453 0.0769306439820211 0.254156330945203
0.331362707088003 0.108462488795863 0.377278140212176
0.131899058601121 0.88768434231705 0.714855361356167
0.726636954381363 0.194788867801661 0.291155863905093
0.159313437330537 0.697171717447462 0.738350162175251
0.91508007691754 0.806255819109036 0.0113707159156911
0.302652622874826 0.397920867453562 0.592717983365525
0.520486877761548 0.262347511497326 0.224802915292094
0.736695637534373 0.664511930156033 0.186146469015162
0.561253482316621 0.534267949171597 0.90828973061475
0.578149906426668 0.486802741811611 0.519352723315125
0.174772163581569 0.621800043915398 0.192435664887307
0.208757142864168 0.185997562525561 0.386486483483342
0.387044442595681 0.851277661936125 0.0199951886029448
0.400508022235008 0.0605944087165408 0.390157144767698
0.147971413210267 0.782258551046252 0.118503072194057
0.349774611479836 0.488184733544011 0.236190097382292
0.588917103178566 0.1386184332103 0.548605567242019
0.606748476089444 0.692001566381194 0.317488732768223
0.481509135924512 0.0548272584537044 0.971439505763352
0.614085792937782 0.809170280346647 0.285267641041661
0.599078748705098 0.243093726497144 0.133487497846363
0.896975429182174 0.404593002015259 0.0632272127682809
0.753654635880841 0.9863356938418 0.721112100752536
0.76986798867397 0.0209933314232621 0.221843323869165
0.752743959043641 0.602044024033006 0.0644676250454504
0.872425430883421 0.599483357167803 0.624088615391869
0.633445857853163 0.77842261847714 0.574241456637392
0.806237349936739 0.230155276722275 0.0108441767687909
0.266297116490081 0.430672839976382 0.142111504948465
0.489563762249425 0.0991245120752137 0.381731085682753
0.924977697385242 0.270783079996705 0.500406083930517
0.519252407510066 0.979757584297098 0.117935429797508
0.156849482722115 0.195015479894355 0.402461396008031
0.992907084008446 0.657737672101939 0.168184054618468
0.0378585678189993 0.683341004126705 0.964394943368388
0.609820805013878 0.419722197356634 0.74654160405416
0.0903864483078942 0.155700295510935 0.318164778148523
0.32194612636161 0.0949989106804132 0.164089480721392
0.724169274578569 0.77946330355783 0.870364126212429
0.511132699528011 0.499999711270677 0.487798388405703
0.853324844958261 0.885160772712901 0.684723474973347
0.525789595779032 0.390477883697487 0.936368551156716
0.672320837171981 0.321240341246827 0.553995002597338
0.625016968821641 0.56497264671023 0.739756375668338
0.863908531874651 0.326282201106194 0.439012930046301
0.640532798049971 0.908604447913822 0.602663359355414
0.399867587724235 0.0590841872051824 0.148448965815827
0.646331432604231 0.816458721123403 0.79988000681554
0.160632940254174 0.527370151771232 0.198139385924907
0.590859719616128 0.222110395145137 0.0698675812322181
0.899954902860802 0.729151064291829 0.9256040923486
0.274319467055378 0.0867262705224566 0.713029812799301
0.412001505350461 0.888388958761934 0.909733494880144
0.379900817323709 0.369649703019997 0.230694494415307
0.828687208986841 0.3619054383568 0.992475893652067
0.867964157302165 0.00162647165847011 0.178666523219319
0.314214818770532 0.114830286426004 0.848001088380115
0.92741648492706 0.254395581943681 0.365323489054572
0.689730653918115 0.724151554265991 0.928544684532564
0.574929141007597 0.691704146772623 0.940709313323721
0.192962078217883 0.334375502454117 0.00653355868486688
0.737823135694256 0.286708755053813 0.610433191785356
0.668040937408572 0.272314276103862 0.112157599624945
0.217177882499062 0.167517224138835 0.74825068144151
0.954456074395916 0.7992602696924 0.445332228581654
0.452859190623276 0.303223612300586 0.629640761207323
0.493575679334113 0.253377256347099 0.775778764355229
0.390879170102766 0.0822225387336221 0.558738585730083
0.443653396981535 0.0857477487141732 0.485215555720497
0.734577055406757 0.883185493329307 0.639208614142379
0.760217221584637 0.833803082121769 0.782135516667971
0.289852847119793 0.33680629000091 0.731799339376623
0.600085838434054 0.437630606222665 0.948743944710586
0.545682201354997 0.00910178477759473 0.3877806488059
0.895257681200514 0.672564090969041 0.323915798073635
0.171696599896532 0.046926042847801 0.8575522182649
0.127635520677082 0.969671053883387 0.929427814193303
0.552190387581009 0.896603829781059 0.650924685762264
0.550246164602228 0.786730105966795 0.943609777240083
0.44233814319782 0.152816893052775 0.805469364419347
0.00311382416053675 0.048417779058218 0.955489490277134
0.939840004140744 0.0618021266330034 0.664581700793933
0.357724711775547 0.0755032546680886 0.617948269850342
0.981321968566394 0.173777762118028 0.675483470094856
0.158147226375528 0.379906621815171 0.270481523486553
0.14194563959213 0.0901570699822623 0.797364722659811
0.869075363062788 0.0390584914518986 0.36397026187554
0.0648047598935664 0.271274088382255 0.454862562230323
0.822984119933564 0.331487556435633 0.281446316223359
0.683477788646007 0.127452000023331 0.498280939852353
0.221560823336011 0.00357071586116217 0.0434894375046715
0.230822281478439 0.703325589758111 0.299278137989342
0.838333032579394 0.985110357579542 0.0234273085528985
0.339805440387456 0.649302777938079 0.672436976871919
0.811428554748883 0.0322084453594871 0.576594271150185
0.530235239427304 0.890423837868962 0.911056852151407
0.892549394074362 0.536273518580478 0.72291297411616
0.532578382665291 0.412937697575428 0.784248883350985
0.438376984697534 0.292830601436552 0.57546433506161
0.342755511783529 0.0981503460325766 0.180552857521223
0.113752443090314 0.215233661089791 0.338773712971015
0.116526789880125 0.646977320761187 0.17093356005149
0.132012051469414 0.371964604528388 0.512879658056423
0.857958861563355 0.639421174509218 0.919754928369541
0.70644419851643 0.0449529356029816 0.253249948958401
0.309505866359686 0.813231743208831 0.348381157553522
0.473471689275 0.727628504130757 0.860038104541367
0.623415226113982 0.708863230518065 0.344023191042477
0.434323833492585 0.993578591547208 0.933906330850674
0.544774409263162 0.980912801751168 0.147882969549391
0.210230525938328 0.795496033877134 0.819542906810297
0.90496347995312 0.20220399777242 0.435850811426993
0.0464397394382395 0.600424008407397 0.31310709499428
0.652416016729083 0.693585055307252 0.725662997802254
0.282139099586755 0.614773359848186 0.368566932302201
0.691513617766323 0.911987716832198 0.0346147142308764
0.363623437127331 0.903123377397889 0.898147339181043
0.793265597892459 0.172755338994088 0.0203748727242928
0.227105631799204 0.744647912861547 0.00521828930452466
0.499357945756754 0.797565944305621 0.436090399255976
0.479952928907471 0.14446911552432 0.568494757294189
0.460008958705468 0.213000792649575 0.121428042008309
0.580162782615982 0.998985144053819 0.823132311303867
0.8661666179155 0.843545825427864 0.8253799919663
0.688289755804697 0.866473915993702 0.968326556001557
0.175658226786647 0.677174368941924 0.128214463109849
0.0805610219840892 0.160960319820559 0.613643195182318
0.864551026626257 0.247146073566517 0.20466210599849
0.0752178931746166 0.762989746988984 0.988545776660088
0.810255316993454 0.753766824861988 0.949039399029221
0.967181732784258 0.350379179653712 0.874143087970326
0.372840885867598 0.546136129220482 0.0125118591878563
0.338798165090615 0.670695633601164 0.593637561234878
0.634232106415089 0.146871001212858 0.690307005125331
0.0239122615400702 0.97252879603277 0.549888470011763
0.0504922996505629 0.844640533707105 0.0380356091717258
0.0678973618336022 0.673818468951154 0.0686559536522254
0.721227878919803 0.85014848448569 0.292096196855651
0.143703293367755 0.000832677499623969 0.0471300190750044
0.0766490774331614 0.113808247310109 0.388246560502797
0.76251568954112 0.261197894814657 0.931444945292082
0.163289876129478 0.946228807439096 0.918455026756274
0.692537931060186 0.235021443718579 0.166856580980122
0.201929839547258 0.406648485410493 0.582558874679729
0.898939665358281 0.935384754536208 0.651531961799832
0.801962750738952 0.156368069851771 0.141272662469884
0.894678861266468 0.995081662259297 0.0542373143241275
0.61773488832172 0.662057917655678 0.0291397484675981
0.953187099606497 0.557192833216861 0.902981592344586
0.711653382351156 0.0848676482944284 0.412119224349037
0.0424533985864837 0.77230654247175 0.942018809569767
0.30072006579442 0.716515806935029 0.838664679818321
0.0206814229581505 0.37773010857054 0.284963523717131
0.949725691067521 0.861514687055256 0.972553892684868
0.00134074232564308 0.265870643909555 0.122895262498176
0.627335247685201 0.337409566161688 0.532116369975964
0.603844327228842 0.031956249817973 0.796778818158666
0.833199248120422 0.992607354992535 0.501772244559135
0.382493597003398 0.467722013872582 0.481073822074337
0.903409861230524 0.176460255245212 0.660826187529601
0.385624516504118 0.0459739688518457 0.423419395103119
0.932484324092744 0.0347164732401725 0.311052739389008
0.69624992888351 0.626553228779463 0.680773207475198
0.908197301113047 0.211891940671019 0.234099873186788
0.336321115389233 0.991292185284663 0.466244547155919
0.610993019210407 0.119613984553609 0.129731441353448
0.598333891549148 0.967789021241246 0.473684119500918
0.441261085277423 0.1573241565465 0.869834048905876
0.104837408125401 0.733315352727426 0.276094177545281
0.576289116000757 0.842872407114366 0.179001185910776
0.562060729686869 0.357344407880446 0.944149813087657
0.427739772087429 0.0294954435883556 0.444181711511919
0.476379465795122 0.0557435715140309 0.687455533107277
0.00928584224032238 0.573936108829686 0.941389165461995
0.694266604509205 0.902329333340749 0.264915117409313
0.151844215621473 0.151179786812281 0.697937182590598
0.388207608779194 0.645610452105757 0.753780747180106
0.454198113679886 0.717252736129099 0.108729046756634
0.376788437201874 0.960545247871894 0.426980698572239
0.501614155049901 0.1668059844831 0.325902950490825
0.529430363757303 0.730448198290076 0.310769409602508
0.220233628144488 0.117423380720895 0.878661857263651
0.176129847598728 0.426635324569652 0.958856461384334
0.164242836751742 0.197668424017262 0.865011384743964
0.57331813396723 0.32931141654891 0.334451481333002
0.225115150938975 0.855783251463901 0.305539420728106
0.071038019195199 0.878371264197864 0.83203831286449
0.657587661793456 0.555639623468742 0.289512181536295
0.264991439338075 0.217420009464724 0.636079088303028
0.697801899968181 0.299149629805004 0.0503230067954864
0.846096308786422 0.411082899786765 0.472475561465602
0.422518716891296 0.650042875081534 0.858493636147352
0.586403744884301 0.0748991825308185 0.977970431624912
0.184277593596606 0.478204359460622 0.565331142123789
0.768433426311472 0.438619360327721 0.0616574850117322
0.105267549294513 0.281617038130527 0.441672494361643
0.900744180449517 0.811613508230774 0.681808701914037
0.977094228815054 0.582121015186422 0.633466281994712
0.597620844597695 0.785282652379014 0.926412110978505
0.911283799792873 0.0643061886052601 0.350017773742788
0.395035225630971 0.671441274947487 0.105657228790456
0.943355505803367 0.735651052137138 0.482014641284011
0.162636952664005 0.859386270952178 0.197131660236977
0.539898938227212 0.342909658947028 0.337187524121255
0.234680879988475 0.439078294407343 0.093711607830599
0.214314367819345 0.512376864418853 0.685966830487363
0.650358245120617 0.630033581922296 0.745350178867811
0.835721752275247 0.852027766654268 0.763345237592701
0.581414834729396 0.183004939260427 0.0185612598152366
0.310115890303627 0.950794516949449 0.761069840881275
0.370043118769303 0.787655414187349 0.0488007247608621
0.854346667103469 0.529062842324842 0.750949653381715
0.20395377398259 0.559761165409116 0.989567536562914
0.123382843129802 0.689458388070343 0.541978666241281
0.110780905012274 0.0716227892206516 0.679316821401007
0.648571479848353 0.0722736448859796 0.176190438761376
0.440469665177865 0.741538874477614 0.827246508462122
0.0212321825916879 0.199974180861376 0.00409289969061501
0.788647853574716 0.116892139162635 0.266290702429833
0.950685178878019 0.27890754373651 0.41490196462418
0.48788170434651 0.712586327359779 0.92475593298953
0.804254773993744 0.951919039150933 0.956966656655073
0.862886455951491 0.19158317543217 0.663676858962048
0.337159617671277 0.891835697175702 0.410991984641179
0.193426780090434 0.944462701891083 0.774102538462961
0.272789916281588 0.330685495922575 0.864379670083057
0.407586048753466 0.593982859204756 0.24365232828632
0.0295915720250923 0.60109503860143 0.347642860030755
0.654210301345447 0.949136039217003 0.391036011802265
0.569078452918679 0.0870613590320572 0.734690080497181
0.808551052547991 0.711668824303895 0.0729132940715645
0.242904326531105 0.747524920028634 0.0593488587639295
0.517115883491002 0.680855742134387 0.448940591353457
0.304146342356922 0.31559131361125 0.54241671435209
0.463041511927731 0.251207450326998 0.85997747748252
0.0403618116839789 0.320682118435856 0.946247064172057
0.644738000610843 0.070564891833812 0.283779213742353
0.0154248484009877 0.474416558313649 0.187083701754455
0.572619803212117 0.636853831609013 0.614186430100584
0.373971327304607 0.43665019735368 0.46402928501647
0.934590439225314 0.268531099981163 0.850010893068044
0.436517802720889 0.394367415379733 0.0217785962352064
0.0447836263179779 0.433688362337416 0.109518405230017
0.685328759432072 0.00828262721723877 0.420114433780313
0.281820696524344 0.513914606082486 0.696704090087442
0.198403515905375 0.780048043647548 0.824437160774367
0.118828817297239 0.0477639468819834 0.886360443455866
0.948864820450079 0.966076440369477 0.790085114078131
0.784412666378776 0.240632121881703 0.360209008579375
0.451828149491921 0.0289648213661276 0.212301864458248
0.0119798785310704 0.372363971383078 0.682851603214163
0.686378178625368 0.549642190407263 0.770027003362076
0.465460580263054 0.459680945337052 0.160942054815125
0.522798286281293 0.428009329869179 0.163741447680164
0.136883552639745 0.609426137427101 0.572389504741179
0.111069783057319 0.501723802589113 0.791386028866749
0.241165836360306 0.595382294075098 0.522963113254402
0.257389553586254 0.140618235100526 0.378575344451237
0.448501964953961 0.373100376303541 0.917810019026278
0.103112410016824 0.846163546404801 0.86200816213293
0.818918565376662 0.790724751942325 0.320069581120275
0.593091037926264 0.103761845097877 0.873574903254863
0.297774445667397 0.441810946993064 0.86892473747395
0.90652774984343 0.89888638540497 0.966301582707325
0.170698334178189 0.783409148118692 0.036196893416578
0.169561116279569 0.387521896066144 0.255948002617806
0.0493653477155603 0.0106266221967526 0.821359349033562
0.88012416108232 0.873846088732127 0.998356980719836
0.579807480216725 0.563546629393706 0.570606943852035
0.53691946720588 0.912296539393254 0.00744918550597504
0.885987249838188 0.962419065831229 0.308673007113161
0.20093053689762 0.452833633044502 0.506054817871423
0.320200324770529 0.742010896784486 0.404720103447791
0.0982675177184865 0.407439135276945 0.818783926357515
0.77819202648825 0.841591441500932 0.954477961743949
0.165371375169139 0.0783325916097965 0.689794061336899
0.378891043995041 0.121648205373436 0.539269732117653
0.543295388425933 0.923475848438218 0.52448153181118
0.844542989830486 0.836385832176078 0.986725402848097
0.589830930259777 0.408921853922773 0.379348206353839
0.0350824222045485 0.695663624493638 0.667393109312747
0.298150372315664 0.57724924790021 0.0461261725332588
0.794947006961098 0.926924020560691 0.892389327225275
0.245253543885192 0.607998103558552 0.647552525254898
0.424899275308242 0.159736026165774 0.10797596837068
0.990198271072703 0.862608631756855 0.934206008195644
0.946207619609777 0.133034084804822 0.425437139055459
0.882998582190834 0.653351796267321 0.52352127149282
0.816277543399483 0.322848585246829 0.573362806813326
0.179168396039866 0.447634243528126 0.0969334300814662
0.933121392689645 0.421211453575408 0.140773225972196
0.464577725099865 0.554786649821093 0.319363126038574
0.296405878307065 0.839259310933994 0.156545538684819
0.523028584402986 0.952972684491659 0.676060136192013
0.307104542988585 0.301557870737975 0.415681087526958
0.914562203800306 0.660710176582914 0.812362438469659
0.631445749284932 0.366126293088775 0.258479346654145
0.596382704021875 0.431898930334253 0.843684910473181
0.206036658991594 0.308342771500815 0.616622154631652
0.830921387029812 0.838975898261648 0.452550393909216
0.771705874285428 0.410428266705945 0.328169348471798
0.725927653370192 0.0193744945118669 0.206935966736637
0.355705757031683 0.999975284721702 0.146292735881172
0.286816129501676 0.830130695227534 0.275516632431652
0.31117835269426 0.860542621415807 0.846560723589733
0.354513545596506 0.522536434028298 0.502688009123318
0.082302951019723 0.0797866184725426 0.767582937553059
0.107035485671833 0.396008978614584 0.781983896119986
0.504176599953789 0.0896175644493196 0.492694007170387
0.920054745923961 0.93420297629619 0.99151717327768
0.886862224731129 0.445262389088748 0.531748893628363
0.366860167493345 0.0381031031114981 0.718369305982487
